{
 "cells": [
  {
   "cell_type": "code",
   "execution_count": 14,
   "metadata": {},
   "outputs": [],
   "source": [
    "import pandas as pd\n",
    "import numpy as np\n",
    "import os\n",
    "import scipy.stats\n",
    "import matplotlib.pyplot as plt\n",
    "import matplotlib as mpl"
   ]
  },
  {
   "cell_type": "code",
   "execution_count": 15,
   "metadata": {},
   "outputs": [],
   "source": [
    "mpl.rcParams['text.latex.preamble'] = r'\\usepackage{amsmath,amsfonts,geometry}'\n",
    "mpl.rcParams['axes.formatter.use_mathtext'] = True\n",
    "plt.rcParams.update({\n",
    "    'font.family':'serif',\n",
    "    \"font.serif\": [\"Computer Modern Roman\"],\n",
    "    \"text.usetex\": True,\n",
    "    \"font.size\": 30,\n",
    "    \"figure.figsize\":(13,8),\n",
    "    \"lines.markersize\": 20\n",
    "})\n",
    "plt.rcParams['axes.autolimit_mode'] = 'round_numbers'\n",
    "plt.rcParams['axes.xmargin'] = 0\n",
    "plt.rcParams['axes.ymargin'] = 0"
   ]
  },
  {
   "cell_type": "code",
   "execution_count": 58,
   "metadata": {},
   "outputs": [],
   "source": [
    "model_families=['llama','qwen','mistral']\n",
    "model_labels=dict()\n",
    "model_labels['llama']={'meta-llama/Llama-3.1-8B-Instruct':'8B',\n",
    "              'meta-llama/Llama-3.1-8q-Instruct':'bnb-8bit',\n",
    "                'meta-llama/Llama-3.1-4q-Instruct':'bnb-4bit',\n",
    "              'hugging-quants/Meta-Llama-3.1-8B-Instruct-AWQ-INT4':'AWQ-INT4',\n",
    "              'meta-llama/Llama-3.2-3B-Instruct':'3B',\n",
    "              'meta-llama/Llama-3.2-1B-Instruct':'1B'\n",
    "}\n",
    "\n",
    "model_labels['qwen']={\n",
    "        \"Qwen/Qwen3-8B\":'3-8B',\n",
    "        \"Qwen/Qwen2.5-7B-Instruct-q8\":'2.5-7B-bnb-8bit',\n",
    "        \"Qwen/Qwen2.5-7B-Instruct\":'2.5-7B',\n",
    "        \"Qwen/Qwen2.5-7B-Instruct-q4\":'2.5-7B-bnb-4bit',\n",
    "        \"Qwen/Qwen2.5-7B-Instruct-AWQ\":'2.5-7B-AWQ-INT4',\n",
    "        \"Qwen/Qwen2.5-3B-Instruct\":'2.5-3B',\n",
    "        \"Qwen/Qwen2.5-1.5B-Instruct\":'2.5-1.5B',\n",
    "        \"alibaba-pai/DistilQwen2.5-3B-Instruct\":'2.5-3B-distil'}\n",
    "model_labels['mistral']={\"mistralai/Mistral-7B-Instruct-v0.3\":'v0.3',\n",
    "                         \"mistralai/Mistral-7B-Instruct-v0.3-q8\":'v0.3-bnb-8bit',\n",
    "                         \"mistralai/Mistral-7B-Instruct-v0.3-q4\":'v0.3-bnb-4bit',\n",
    "                         \"mistralai/Mistral-7B-Instruct-v0.2\":'v0.2',\n",
    "                        \"mistralai/Mistral-7B-Instruct-v0.1\":'v0.1'}\n",
    "\n",
    "models_full=dict()\n",
    "models_full['llama']=['meta-llama/Llama-3.1-8B-Instruct',\n",
    "             'meta-llama/Llama-3.1-8q-Instruct',\n",
    "             'meta-llama/Llama-3.1-4q-Instruct',\n",
    "             'hugging-quants/Meta-Llama-3.1-8B-Instruct-AWQ-INT4',\n",
    "             'meta-llama/Llama-3.2-3B-Instruct',\n",
    "             'meta-llama/Llama-3.2-1B-Instruct']\n",
    "models_full['qwen']=[\n",
    "        \"Qwen/Qwen3-8B\",\n",
    "        \"Qwen/Qwen2.5-7B-Instruct\",\n",
    "        \"Qwen/Qwen2.5-7B-Instruct-q8\",\n",
    "        \"Qwen/Qwen2.5-7B-Instruct-q4\",\n",
    "        \"Qwen/Qwen2.5-7B-Instruct-AWQ\",\n",
    "        \"Qwen/Qwen2.5-3B-Instruct\",\n",
    "        \"Qwen/Qwen2.5-1.5B-Instruct\",\n",
    "        \"alibaba-pai/DistilQwen2.5-3B-Instruct\"]\n",
    "models_full['mistral']=[\"mistralai/Mistral-7B-Instruct-v0.3\",\n",
    "        \"mistralai/Mistral-7B-Instruct-v0.3-q8\",\n",
    "        \"mistralai/Mistral-7B-Instruct-v0.3-q4\",\n",
    "        \"mistralai/Mistral-7B-Instruct-v0.2\",\n",
    "        \"mistralai/Mistral-7B-Instruct-v0.1\",\n",
    "        ]"
   ]
  },
  {
   "cell_type": "markdown",
   "metadata": {},
   "source": [
    "### Read pairwise comparison data"
   ]
  },
  {
   "cell_type": "code",
   "execution_count": 46,
   "metadata": {},
   "outputs": [],
   "source": [
    "output_dirs={m:f'../outputs/LMSYS/{m}/' for m in model_families}\n",
    "clean_different_set=dict()\n",
    "clean_shared_set=dict()\n",
    "\n",
    "for m in model_families:\n",
    "    # for queries that were asked in reverse model order, switch winner/models/seeds to match original order\n",
    "    def swap_order(row):\n",
    "        if models_full[m].index(row['model_a']) > models_full[m].index(row['model_b']):\n",
    "            row['winner'] = 'A' if row['winner'] == 'B' else 'B' if row['winner'] == 'A' else row['winner']\n",
    "            row['seed_a'], row['seed_b'] = row['seed_b'], row['seed_a']\n",
    "            row['model_a'], row['model_b'] = row['model_b'], row['model_a']\n",
    "        return row\n",
    "\n",
    "    clean_different=pd.read_csv(f'{output_dirs[m]}independent_comparisons.csv',index_col=0)\n",
    "    clean_shared=pd.read_csv(f'{output_dirs[m]}coupled_comparisons.csv',index_col=0)\n",
    "\n",
    "\n",
    "    clean_different_set[m]=clean_different.apply(swap_order,axis=1)\n",
    "    clean_shared_set[m]=clean_shared.apply(swap_order,axis=1)"
   ]
  },
  {
   "cell_type": "markdown",
   "metadata": {},
   "source": [
    "### Compute win-rates and rank-sets"
   ]
  },
  {
   "cell_type": "markdown",
   "metadata": {},
   "source": [
    "Code to compute rank-sets based on [Prediction-Powered Ranking of Large Language Models](https://github.com/Networks-Learning/prediction-powered-ranking)."
   ]
  },
  {
   "cell_type": "code",
   "execution_count": 47,
   "metadata": {},
   "outputs": [],
   "source": [
    "def summarize_dataset(models, dataset):\n",
    "    n = len(dataset['winner'])\n",
    "    \n",
    "    winner1_llm = np.zeros(shape=(n,1))\n",
    "    winner2_llm = np.zeros(shape=(n,1))\n",
    "    model_a_matrix = np.zeros(shape=(len(models),n))\n",
    "    model_b_matrix = np.zeros(shape=(len(models),n))\n",
    "    \n",
    "    for i in range(n):        \n",
    "        if dataset['winner'][i] == 'A':\n",
    "            winner1_llm[i] = 1\n",
    "        elif dataset['winner'][i] == 'B':\n",
    "            winner2_llm[i] = 1\n",
    "        \n",
    "        model_a_matrix[models.index(dataset['model_a'][i])][i] = 1\n",
    "        model_b_matrix[models.index(dataset['model_b'][i])][i] = 1\n",
    "    \n",
    "    summarized = {'winner1_predicted':winner1_llm,\n",
    "                  'winner2_predicted':winner2_llm,\n",
    "                  'model_a_matrix': model_a_matrix,\n",
    "                  'model_b_matrix': model_b_matrix}\n",
    "        \n",
    "    return summarized\n",
    "\n",
    "def sample_avg(k, Dn):\n",
    "    n = np.shape(Dn['model_a_matrix'])[1]\n",
    "    M1, M2 = Dn['model_a_matrix'], Dn['model_b_matrix']\n",
    "    w1, w2 = Dn['winner1_predicted'], Dn['winner2_predicted']\n",
    "    \n",
    "    a = np.matmul(np.ones((k,1)), np.transpose(np.matmul(\n",
    "        M1+M2,np.ones((n,1))))) *np.identity(k)\n",
    "    for i in range(k):\n",
    "        a[i][i] = 1/a[i][i]\n",
    "    a = np.matmul(a,np.matmul(M1,w1) + np.matmul(M2,w2))\n",
    "    \n",
    "    A = np.matmul(np.ones((k,1)), np.transpose(\n",
    "        w1 - np.matmul(np.transpose(M1) ,a)))*M1\n",
    "    A += np.matmul(np.ones((k,1)), \n",
    "                   np.transpose(w2 - np.matmul(np.transpose(M2), a)))*M2\n",
    "    \n",
    "    Sigma = (np.matmul(A, np.transpose(A)))/(n**2)\n",
    "    \n",
    "    return a, Sigma\n",
    "\n",
    "import scipy.stats as stats\n",
    "\n",
    "def find_ranksets(k, thetahat, Sigma, alpha=0.05):\n",
    "    lhat = np.ones((k,1))\n",
    "    uhat = np.ones((k,1))*k\n",
    "    \n",
    "    assert alpha>0 and alpha<1, 'alpha must be between 0 and 1'\n",
    "    \n",
    "    for m1 in range(k):\n",
    "        for m2 in range(k):\n",
    "            if m1 == m2:\n",
    "                continue\n",
    "            d = abs(thetahat[m1] - thetahat[m2])/np.sqrt(2) - \\\n",
    "            np.sqrt((Sigma[m1][m1] + Sigma[m2][m2] - 2*Sigma[m1][m2])*\\\n",
    "                    (stats.chi2.ppf(1-alpha,k)/(2)))\n",
    "            if d > 0 and thetahat[m1] < thetahat[m2]:\n",
    "                lhat[m1] += 1\n",
    "            elif d > 0 and thetahat[m1] > thetahat[m2]:\n",
    "                uhat[m1] -= 1\n",
    "    \n",
    "    return [[int(lhat[m][0]), int(uhat[m][0])] for m in range(k)]"
   ]
  },
  {
   "cell_type": "markdown",
   "metadata": {},
   "source": [
    "### Pairwise win-rates"
   ]
  },
  {
   "cell_type": "code",
   "execution_count": 48,
   "metadata": {},
   "outputs": [],
   "source": [
    "def compute_pairwise_winrates(df,models):\n",
    "    winrates=dict()\n",
    "    ci=dict()\n",
    "    for m1 in range(len(models)):\n",
    "        for m2 in range(m1+1,len(models)):\n",
    "            wins_A=len(df[(df['model_a'] == models[m1]) & (df['model_b'] == models[m2]) & (df['winner'] == 'A')])\n",
    "            wins_B=len(df[(df['model_a'] == models[m1]) & (df['model_b'] == models[m2]) & (df['winner'] == 'B')])\n",
    "            winrates[(models[m1],models[m2])]=wins_A/len(df[(df['model_a'] == models[m1]) & (df['model_b'] == models[m2])])\n",
    "            winrates[(models[m2],models[m1])]=wins_B/len(df[(df['model_a'] == models[m1]) & (df['model_b'] == models[m2])])\n",
    "        \n",
    "            ci[(models[m1],models[m2])]=1.96*np.sqrt(winrates[(models[m1],models[m2])]*(1-winrates[(models[m1],models[m2])])/len(df[(df['model_a'] == models[m1]) & (df['model_b'] == models[m2])]))\n",
    "            ci[(models[m2],models[m1])]=1.96*np.sqrt(winrates[(models[m2],models[m1])]*(1-winrates[(models[m2],models[m1])])/len(df[(df['model_a'] == models[m1]) & (df['model_b'] == models[m2])]))\n",
    "    return winrates,ci\n",
    "\n",
    "p_w_s, ci_s, p_w_d, ci_d = dict(), dict(), dict(), dict()\n",
    "\n",
    "for m in model_families:\n",
    "    p_w_s[m],ci_s[m]=compute_pairwise_winrates(clean_shared_set[m],models_full[m])\n",
    "    p_w_d[m],ci_d[m]=compute_pairwise_winrates(clean_different_set[m],models_full[m])"
   ]
  },
  {
   "cell_type": "markdown",
   "metadata": {},
   "source": [
    "### Ties per pair of models"
   ]
  },
  {
   "cell_type": "code",
   "execution_count": 49,
   "metadata": {},
   "outputs": [
    {
     "name": "stdout",
     "output_type": "stream",
     "text": [
      "llama\n",
      "[[0, 23.544411389715258, 8.442694663167105, 8.388520971302428, 1.9928461931527848, 2.3424878836833605], [23.544411389715258, 0, 11.326097215667767, 14.729064039408867, 5.224274406332454, -2.6548672566371683], [8.442694663167105, 11.326097215667767, 0, 5.865657521286661, 3.3157894736842106, -0.14803849000740193], [8.388520971302428, 14.729064039408867, 5.865657521286661, 0, -1.2833675564681726, 6.031746031746032], [1.9928461931527848, 5.224274406332454, 3.3157894736842106, -1.2833675564681726, 0, 7.341269841269841], [2.3424878836833605, -2.6548672566371683, -0.14803849000740193, 6.031746031746032, 7.341269841269841, 0]]\n",
      "qwen\n",
      "[[0, -0.5130397605814451, 1.3250517598343685, 1.6351118760757315, 1.4691943127962086, 5.164585698070375, 2.0974289580514207, 0.1720183486238532], [-0.5130397605814451, 0, 15.336134453781513, 5.5391674860701405, 3.255975060616557, 3.080568720379147, -0.3255208333333333, 0.0], [1.3250517598343685, 15.336134453781513, 0, 4.633585277686493, 3.7899860917941584, -0.31746031746031744, -0.12399256044637322, -3.590752582390556], [1.6351118760757315, 5.5391674860701405, 4.633585277686493, 0, 1.7618040873854828, -2.1491228070175437, -0.6815365551425031, -1.0653753026634383], [1.4691943127962086, 3.255975060616557, 3.7899860917941584, 1.7618040873854828, 0, -0.9515178975985501, 1.3845185651353051, -2.451202905129369], [5.164585698070375, 3.080568720379147, -0.31746031746031744, -2.1491228070175437, -0.9515178975985501, 0, 4.78110599078341, 2.4519820187985286], [2.0974289580514207, -0.3255208333333333, -0.12399256044637322, -0.6815365551425031, 1.3845185651353051, 4.78110599078341, 0, 3.45679012345679], [0.1720183486238532, 0.0, -3.590752582390556, -1.0653753026634383, -2.451202905129369, 2.4519820187985286, 3.45679012345679, 0]]\n",
      "mistral\n",
      "[[0, -0.2899751449875725, 1.4297385620915033, 0.12096774193548387, -3.1516743269862113], [-0.2899751449875725, 0, 4.424157303370786, 6.310344827586207, 1.7015706806282722], [1.4297385620915033, 4.424157303370786, 0, 15.76158940397351, 1.5315890236119976], [0.12096774193548387, 6.310344827586207, 15.76158940397351, 0, 1.2265978050355069], [-3.1516743269862113, 1.7015706806282722, 1.5315890236119976, 1.2265978050355069, 0]]\n"
     ]
    }
   ],
   "source": [
    "# Count number of ties per pair of models\n",
    "def compute_ties(df,models):\n",
    "    ties=[[0 for _ in range(len(models))] for _ in range(len(models))]\n",
    "    for m1 in range(len(models)):\n",
    "        for m2 in range(m1,len(models)):\n",
    "            if m1==m2:\n",
    "                ties[m1][m2]=0\n",
    "            ties[m1][m2]=len(df[(df['model_a'] == models[m1]) & (df['model_b'] == models[m2]) & (df['winner'] == 'Tie')])\n",
    "            ties[m2][m1]=len(df[(df['model_a'] == models[m1]) & (df['model_b'] == models[m2]) & (df['winner'] == 'Tie')])\n",
    "    return ties\n",
    "\n",
    "for m in model_families:\n",
    "    ties_different=compute_ties(clean_different_set[m],models_full[m])\n",
    "    ties_shared=compute_ties(clean_shared_set[m],models_full[m])\n",
    "\n",
    "    # compute relative increase in ties under shared noise compared to different noise\n",
    "    ties_diff=[[0 for j in range(len(models_full[m]))] for i in range(len(models_full[m]))]\n",
    "    for i in range(len(models_full[m])):\n",
    "        for j in range(len(models_full[m])):\n",
    "            if i==j:\n",
    "                continue\n",
    "            ties_diff[i][j]=100*(ties_shared[i][j]-ties_different[i][j])/ties_different[i][j]\n",
    "    print(m)\n",
    "    print(ties_diff)"
   ]
  },
  {
   "cell_type": "markdown",
   "metadata": {},
   "source": [
    "## Figures 3a, 15, 26, 34 and Tables 3b, 7, 9"
   ]
  },
  {
   "cell_type": "code",
   "execution_count": 50,
   "metadata": {},
   "outputs": [],
   "source": [
    "def hypothesis_test_pairwise(dfs,dfd,models,m1,m2):\n",
    "    count_s=len(dfs[(dfs['model_a']==models[m1]) & (dfs['model_b']==models[m2])])\n",
    "    count_s+=len(dfs[(dfs['model_a']==models[m2]) & (dfs['model_b']==models[m1])])\n",
    "\n",
    "    count_d=len(dfd[(dfd['model_a']==models[m1]) & (dfd['model_b']==models[m2])])\n",
    "    count_d+=len(dfd[(dfd['model_a']==models[m2]) & (dfd['model_b']==models[m1])])\n",
    "\n",
    "    win_s=len(dfs[(dfs['model_a'] == models[m1]) & (dfs['model_b'] == models[m2]) & (dfs['winner'] == 'A')])\n",
    "    win_s+=len(dfs[(dfs['model_a'] == models[m2]) & (dfs['model_b'] == models[m1]) & (dfs['winner'] == 'B')])\n",
    "\n",
    "    win_d=len(dfd[(dfd['model_a'] == models[m1]) & (dfd['model_b'] == models[m2]) & (dfd['winner'] == 'A')])\n",
    "    win_d+=len(dfd[(dfd['model_a'] == models[m2]) & (dfd['model_b'] == models[m1]) & (dfd['winner'] == 'B')])\n",
    "\n",
    "    p_s=win_s/count_s\n",
    "    p_d=win_d/count_d\n",
    "\n",
    "    p=(win_s+win_d)/(count_s+count_d)\n",
    "    z=(p_s-p_d)/np.sqrt(p*(1-p)*(1/count_s+1/count_d))\n",
    "\n",
    "    p_value = scipy.stats.norm.sf(abs(z))*2\n",
    "    if p_value<0.0001:\n",
    "        return '****'\n",
    "    if p_value<0.001:\n",
    "        return '***'\n",
    "    if p_value<0.01:\n",
    "        return '**'\n",
    "    if p_value<0.05:\n",
    "        return '*'\n",
    "    else:\n",
    "        return 'ns'\n",
    "\n",
    "# figure 3\n",
    "def plot_pairwise_winrates_barplot(p_w_s,ci_s,p_w_d,ci_d,models_full,model, family):\n",
    "    fig, ax = plt.subplots(figsize=(12,6))\n",
    "    labels=[model_labels[family][m] for m in models_full if m != model]\n",
    "    winrates_shared={model_labels[family][m]:p_w_s[(model,m)] for m in models_full if m != model}\n",
    "    ci_shared={model_labels[family][m]:ci_s[(model,m)] for m in models_full if m != model}\n",
    "    winrates_different={model_labels[family][m]:p_w_d[(model,m)] for m in models_full if m != model}\n",
    "    ci_different={model_labels[family][m]:ci_d[(model,m)] for m in models_full if m != model}\n",
    "    x=np.arange(len(labels))\n",
    "    ax.bar(x-0.15, winrates_shared.values(), width=0.3, label='Coupled', color='teal',alpha=0.8)\n",
    "    ax.bar(x+0.15, winrates_different.values(), width=0.3, label='Independent', color='palevioletred',alpha=0.8)\n",
    "    \n",
    "    ax.errorbar(x-0.15, winrates_shared.values(), yerr=ci_shared.values(), fmt='none', ecolor='black', capsize=5)\n",
    "    ax.errorbar(x+0.15, winrates_different.values(), yerr=ci_different.values(), fmt='none', ecolor='black', capsize=5)\n",
    "\n",
    "    for m in range(len(models_full)):\n",
    "        if models_full[m]==model:\n",
    "            continue\n",
    "        annot=hypothesis_test_pairwise(clean_shared_set[family],clean_different_set[family],models_full,models_full.index(model),m)\n",
    "        if annot!='ns':\n",
    "            y_star=max(winrates_shared[model_labels[family][models_full[m]]]+ci_shared[model_labels[family][models_full[m]]],winrates_different[model_labels[family][models_full[m]]]+ci_different[model_labels[family][models_full[m]]])\n",
    "            x_star=m\n",
    "            if models_full.index(model) <m:\n",
    "                x_star-=1\n",
    "            ax.plot([x_star-0.2, x_star-0.2, x_star+0.2, x_star+0.2], [y_star+0.02, y_star+0.04, y_star+0.04, y_star+0.02], lw=1.5, c='k')\n",
    "            ax.text(x_star-0.05*len(annot),y_star+0.03,annot,fontsize=30)\n",
    "\n",
    "    ax.set_xticks(x)\n",
    "    ax.set_xlim(-0.5,len(labels)-0.5)\n",
    "    ax.set_xticklabels(labels, rotation=35,ha='right',rotation_mode='anchor')\n",
    "    ax.set_ylabel(f'Win-rate')\n",
    "    ax.spines[['top','right']].set_visible(False)\n",
    "    ax.legend(frameon=False,ncol=2,loc='upper center',bbox_to_anchor=(0.5,1.05))\n",
    "    folder_path = f'../figures/LMSYS/{family}'\n",
    "    if not os.path.exists(folder_path):\n",
    "        os.makedirs(folder_path)\n",
    "    fig.savefig(f'../figures/LMSYS/{family}/pairwise_winrates_{model_labels[family][model]}.pdf',bbox_inches='tight')\n",
    "    plt.show()\n",
    "\n",
    "# figure 6\n",
    "def plot_pairwise_winrates_all(p_w_s,ci_s,p_w_d,ci_d,models, family):\n",
    "    if family=='llama':\n",
    "        fig,ax=plt.subplots(3,2,figsize=(15,15),sharey=True)\n",
    "        fig.subplots_adjust(left=0.125, bottom=0.1, right=0.9, top=0.9, wspace=0.2, hspace=1)\n",
    "    elif family=='qwen':\n",
    "        fig,ax=plt.subplots(4,2,figsize=(15,18),sharey=True)\n",
    "        fig.subplots_adjust(left=0.125, bottom=0.1, right=0.9, top=0.9, wspace=0.2, hspace=1.7)\n",
    "    elif family=='mistral':\n",
    "        fig,ax=plt.subplots(3,2,figsize=(13,13),sharey=True)\n",
    "        fig.subplots_adjust(left=0.125, bottom=0.1, right=0.9, top=0.9, wspace=0.2, hspace=1)\n",
    "    # fig.tight_layout()\n",
    "    ax=ax.flatten()\n",
    "    for i in range(len(models)):\n",
    "        labels=[model_labels[family][m] for m in models if m != models[i]]\n",
    "        x=np.arange(len(labels))\n",
    "\n",
    "        winrates_shared={model_labels[family][m]:p_w_s[(models[i],m)] for m in models if m != models[i]}\n",
    "        ci_shared={model_labels[family][m]:ci_s[(models[i],m)] for m in models if m != models[i]}\n",
    "        winrates_different={model_labels[family][m]:p_w_d[(models[i],m)] for m in models if m != models[i]}\n",
    "        ci_different={model_labels[family][m]:ci_d[(models[i],m)] for m in models if m != models[i]}\n",
    "\n",
    "        ax[i].bar(x-0.15, winrates_shared.values(), width=0.3, label='Coupled', color='teal',alpha=0.8)\n",
    "        ax[i].bar(x+0.15, winrates_different.values(), width=0.3, label='Independent', color='palevioletred',alpha=0.8)\n",
    "        \n",
    "        ax[i].errorbar(x-0.15, winrates_shared.values(), yerr=ci_shared.values(), fmt='none', ecolor='black', capsize=5)\n",
    "        ax[i].errorbar(x+0.15, winrates_different.values(), yerr=ci_different.values(), fmt='none', ecolor='black', capsize=5)\n",
    "\n",
    "        for m in range(len(models_full[family])):\n",
    "                if models_full[family][m]==models[i]:\n",
    "                    continue\n",
    "                annot=hypothesis_test_pairwise(clean_shared_set[family],clean_different_set[family],models_full[family],models_full[family].index(models[i]),m)\n",
    "                if annot!='ns':\n",
    "                    y_star=max(winrates_shared[model_labels[family][models_full[family][m]]]+ci_shared[model_labels[family][models_full[family][m]]],winrates_different[model_labels[family][models_full[family][m]]]+ci_different[model_labels[family][models_full[family][m]]])\n",
    "                    x_star=m\n",
    "                    if models_full[family].index(models[i]) <m:\n",
    "                        x_star-=1\n",
    "                    x_offset=0.1 if family=='qwen' else 0.068\n",
    "                    ax[i].plot([x_star-0.2, x_star-0.2, x_star+0.2, x_star+0.2], [y_star+0.02, y_star+0.04, y_star+0.04, y_star+0.02], lw=1.5, c='k')\n",
    "                    ax[i].text(x_star-x_offset*len(annot),y_star+0.03,annot,fontsize=25) # -0.08\n",
    "\n",
    "        if i%2==0:\n",
    "            ax[i].set_ylabel('Win-rate')\n",
    "            ax[i].set_ylim(0,0.76)\n",
    "            ax[i].set_yticks([0,0.25,0.5,0.75])\n",
    "        ax[i].set_title(model_labels[family][models[i]])\n",
    "        \n",
    "        ax[i].set_xlim(-0.5,len(labels)-0.5)\n",
    "        ax[i].set_xticks(x)\n",
    "        ax[i].set_xticklabels(labels, rotation=35,ha='right',rotation_mode='anchor')\n",
    "        ax[i].spines[['top','right']].set_visible(False)\n",
    "    # ax[4].legend(ncol=2,bbox_to_anchor=(1.75,-0.5),frameon=False)\n",
    "    ax[-2].legend(ncol=2,bbox_to_anchor=(1.75,-1.5 if family=='qwen' else -0.7),frameon=False)\n",
    "    if family=='mistral':\n",
    "         ax[-1].axis('off')\n",
    "    folder_path = f'../figures/LMSYS/{family}'\n",
    "    if not os.path.exists(folder_path):\n",
    "        os.makedirs(folder_path)\n",
    "    fig.savefig(f'../figures/LMSYS/{family}/pairwise_winrates.pdf',bbox_inches='tight')\n",
    "\n",
    "    plt.show()\n"
   ]
  },
  {
   "cell_type": "code",
   "execution_count": 51,
   "metadata": {},
   "outputs": [],
   "source": [
    "# compute pairwise win-rates and confidence intervals\n",
    "p_w_s,ci_s, p_w_d, ci_d = dict(), dict(), dict(), dict()\n",
    "\n",
    "for m in model_families:\n",
    "    p_w_s[m],ci_s[m]=compute_pairwise_winrates(clean_shared_set[m],models_full[m])\n",
    "    p_w_d[m],ci_d[m]=compute_pairwise_winrates(clean_different_set[m],models_full[m])"
   ]
  },
  {
   "cell_type": "markdown",
   "metadata": {},
   "source": [
    "Figure 3a"
   ]
  },
  {
   "cell_type": "code",
   "execution_count": 52,
   "metadata": {},
   "outputs": [
    {
     "data": {
